# Current work path is /home/xhhu/tmp/web/public/work
# Action is figure6 with parameter 8_2_200
Encode	FitModel	FitWin	Model	ScanWin	Total	YKL185W	YLL028W	YMR171C	YMR202W	YNL283C	YOR247W	
SeqBinary	MixPoiLin	2	learn_domain_forest.R	10	0.53778626699722	0.523430957449297	0.622208998357176	0.637964621694909	0.580762066731454	0.614397074317824	0.579627812169712	
SeqBinary	MixPoiLin	2	learn_domain_forest.R	20	0.541855362471476	0.541374729615348	0.703145344070984	0.638302686854973	0.669604700854701	0.577967690865215	0.616571840486059	
SeqBinary	MixPoiLin	2	learn_domain_forest.R	30	0.545356196868418	0.551871676710386	0.739459474200938	0.641729208072538	0.721033533533534	0.619594145043247	0.602403288710867	
SeqBinary	MixPoiLin	2	learn_domain_forest.R	40	0.546289081687789	0.553767399876479	0.771809269053596	0.639138169205848	0.697143885501355	0.614842131497375	0.61211642781961	
SeqBinary	MixPoiLin	2	learn_domain_forest.R	50	0.543729030023595	0.552836608485948	0.794090708588093	0.679192512460919	0.680114809081527	0.645909454437109	0.581779965706068	
SeqBinary	MixPoiLin	2	learn_domain_forest.R	60	0.536292714076566	0.500099606374808	0.810507219593929	0.690200094374667	0.66335822851153	0.691714425551398	0.607478093185492	
SeqBinary	MixPoiLin	2	learn_domain_forest.R	70	0.530345549311067	0.487482809371004	0.813086109287316	0.707158931508785	0.692614039758608	0.687357929707991	0.62851344273743	
SeqBinary	MixPoiLin	2	learn_domain_forest.R	80	0.517016290439474	0.480948338588407	0.817931126834251	0.667777405840764	0.660026605339105	0.676659357544135	0.612592592592593	
SeqBinary	MixPoiLin	2	learn_domain_forest.R	90	0.534817343331972	0.483645429497964	0.837324477346461	0.671280576713265	0.703806839017235	0.684406678592725	0.646696104715345	
SeqBinary	MixPoiLin	2	learn_domain_forest.R	100	0.540420060394844	0.465510152208367	0.845779588854739	0.727099412687187	0.720381245339299	0.669907009201707	0.664533926218709	
SeqBinary	MixPoiLin	2	learn_domain_forest.R	110	0.549623348547524	0.499139016252508	0.839297024435352	0.69178696176316	0.732153014789533	0.645528608083152	0.64263085399449	
SeqBinary	MixPoiLin	2	learn_domain_forest.R	120	0.565023231801755	0.4863795994974	0.869385207266427	0.708994955615633	0.758981963734568	0.67023403940157	0.651892232834745	
SeqBinary	MixPoiLin	2	learn_domain_forest.R	130	0.579729837770571	0.539950062421973	0.859267100559876	0.743661033186509	0.768146348645465	0.629991380596396	0.679508970727101	
SeqBinary	MixPoiLin	2	learn_domain_forest.R	140	0.582587403906687	0.560481943116369	0.852144753118235	0.731520157448991	0.766336930455635	0.67945625135645	0.670521204914784	
SeqBinary	MixPoiLin	2	learn_domain_forest.R	150	0.58459629138977	0.586217996406212	0.837046252737711	0.723585193605086	0.789402726902727	0.62214767357783	0.631538942107455	
SeqBinary	MixPoiLin	2	learn_domain_forest.R	160	0.583774401947907	0.573605437364788	0.839058304439636	0.747912764674137	0.755972740464345	0.60864852046952	0.732106070567609	
SeqBinary	MixPoiLin	2	learn_domain_forest.R	170	0.589008782486334	0.599979642807227	0.824185819359406	0.752774142755312	0.782530629488804	0.62774915115426	0.672060522060522	
SeqBinary	MixPoiLin	2	learn_domain_forest.R	180	0.591652073905832	0.612412699208807	0.838176531096693	0.761496742723276	0.832741171403962	0.634038914384916	0.670329268292683	
SeqBinary	MixPoiLin	2	learn_domain_forest.R	190	0.602952335970402	0.636200769051503	0.810575660294761	0.742027255224635	0.804855621431708	0.649509082408353	0.713041795665635	
SeqBinary	MixPoiLin	2	learn_domain_forest.R	200	0.595637830870302	0.641402011092453	0.782056500040033	0.766068589598001	0.802069332437276	0.653251975784644	0.663002461033634	
SeqBinary-SeqBinary	MixPoiLin	2	learn_domain_forest.R	10	0.534090000751258	0.512270462466958	0.635474500257815	0.634592229303104	0.593962585034014	0.593175953213517	0.588221601489758	
SeqBinary-SeqBinary	MixPoiLin	2	learn_domain_forest.R	20	0.548222748815166	0.542031881877175	0.708794967931716	0.639955530631721	0.677483974358974	0.59517514871117	0.625698324022346	
SeqBinary-SeqBinary	MixPoiLin	2	learn_domain_forest.R	30	0.548364713161849	0.550738508803025	0.736921687696205	0.668594820681677	0.726101101101101	0.607122963375575	0.60480789501423	
SeqBinary-SeqBinary	MixPoiLin	2	learn_domain_forest.R	40	0.550836971338049	0.53909449380018	0.773309732140681	0.649210419089075	0.723471375338753	0.633066714434804	0.61570588076539	
SeqBinary-SeqBinary	MixPoiLin	2	learn_domain_forest.R	50	0.546292198936851	0.542701941214393	0.79765631700832	0.668409697042342	0.681705796353629	0.677002148379307	0.616198351678743	
SeqBinary-SeqBinary	MixPoiLin	2	learn_domain_forest.R	60	0.544422795377379	0.50923339093702	0.818595382416716	0.72215696314368	0.692271575821104	0.712408626596568	0.633064401780904	
SeqBinary-SeqBinary	MixPoiLin	2	learn_domain_forest.R	70	0.532462556600488	0.4885359615895	0.818937911128179	0.700357240168327	0.676184771033014	0.645170007471109	0.658257681564246	
SeqBinary-SeqBinary	MixPoiLin	2	learn_domain_forest.R	80	0.538403169162815	0.501312151346107	0.848554398465333	0.721985535031395	0.658155212842713	0.67466668800717	0.623544973544973	
SeqBinary-SeqBinary	MixPoiLin	2	learn_domain_forest.R	90	0.537019953186495	0.49038109867603	0.827334874049579	0.723756793408991	0.756818390172351	0.690740382600848	0.612726699258792	
SeqBinary-SeqBinary	MixPoiLin	2	learn_domain_forest.R	100	0.546772005367703	0.496686951147793	0.837245553484154	0.681626231255701	0.702332680835198	0.657199889644428	0.671170948616601	
SeqBinary-SeqBinary	MixPoiLin	2	learn_domain_forest.R	110	0.553658338957906	0.493603389691735	0.851742713096791	0.661107848289079	0.722162969283277	0.675243916390201	0.694808884297521	
SeqBinary-SeqBinary	MixPoiLin	2	learn_domain_forest.R	120	0.556199406724358	0.510935224566403	0.842222094830442	0.709217654309479	0.716567804783951	0.656840961832815	0.67488736709317	
SeqBinary-SeqBinary	MixPoiLin	2	learn_domain_forest.R	130	0.581347873845501	0.546500316163237	0.847765300500942	0.748195932648152	0.749840498625834	0.660312619138391	0.697289896128423	
SeqBinary-SeqBinary	MixPoiLin	2	learn_domain_forest.R	140	0.573674466443816	0.554238753363428	0.828801476651892	0.672372098866242	0.782486510791367	0.659981802701214	0.67367221561633	
SeqBinary-SeqBinary	MixPoiLin	2	learn_domain_forest.R	150	0.580178698113481	0.567010117542033	0.832246348638596	0.721143422479029	0.801587301587302	0.617245960080042	0.654914618908788	
SeqBinary-SeqBinary	MixPoiLin	2	learn_domain_forest.R	160	0.581663091932555	0.587503905305911	0.822057730910608	0.702025332529126	0.804765236318408	0.630866884601704	0.636226166995398	
SeqBinary-SeqBinary	MixPoiLin	2	learn_domain_forest.R	170	0.587190981352307	0.558599850511361	0.824056350215673	0.725016756566978	0.823299535276722	0.650224368271085	0.708523908523909	
SeqBinary-SeqBinary	MixPoiLin	2	learn_domain_forest.R	180	0.588396106285386	0.610119682018231	0.823800245291976	0.722960324337045	0.805394056847545	0.634060399800615	0.677609756097561	
SeqBinary-SeqBinary	MixPoiLin	2	learn_domain_forest.R	190	0.607684299602472	0.635864147181439	0.828432803151904	0.77922622696912	0.809165019762846	0.653210445202514	0.706308049535604	
SeqBinary-SeqBinary	MixPoiLin	2	learn_domain_forest.R	200	0.604987361423082	0.662181961718327	0.793294123141797	0.79177616992743	0.819220430107527	0.651066836476561	0.668375717801476	
SeqBinary-ProbVS	MixPoiLin	2	learn_domain_forest.R	10	0.617396363909549	0.696244356593137	0.609504095067931	0.643735377326168	0.662283365727243	0.639294385316618	0.732390910463536	
SeqBinary-ProbVS	MixPoiLin	2	learn_domain_forest.R	20	0.653188157106281	0.703164676008652	0.616683042388002	0.730906210954025	0.697998849441157	0.669000445749243	0.79511752439307	
SeqBinary-ProbVS	MixPoiLin	2	learn_domain_forest.R	30	0.679644107938076	0.691827956989247	0.628439268875071	0.833382773179872	0.729479479479479	0.664794442123505	0.829180720986613	
SeqBinary-ProbVS	MixPoiLin	2	learn_domain_forest.R	40	0.695143724211612	0.692996104327997	0.64049513758561	0.859927650735915	0.785018631436314	0.659352170594558	0.849809732005505	
SeqBinary-ProbVS	MixPoiLin	2	learn_domain_forest.R	50	0.707363186848868	0.693741792220816	0.651037518532587	0.882762478399409	0.827001633986928	0.646658250874249	0.856567011449748	
SeqBinary-ProbVS	MixPoiLin	2	learn_domain_forest.R	60	0.714803678783914	0.703060195852535	0.679915422333925	0.886916056745279	0.843946540880503	0.617542114652899	0.869027025494144	
SeqBinary-ProbVS	MixPoiLin	2	learn_domain_forest.R	70	0.733914164948648	0.724341930658431	0.711545965833777	0.869945404821733	0.877773340433085	0.66952264381885	0.876127502327747	
SeqBinary-ProbVS	MixPoiLin	2	learn_domain_forest.R	80	0.740523524177141	0.731888188212467	0.714490582725031	0.878782345840561	0.87532693001443	0.676207205621089	0.885759637188209	
SeqBinary-ProbVS	MixPoiLin	2	learn_domain_forest.R	90	0.751352896139092	0.74539414332041	0.721953953878722	0.868944561704037	0.82758067473414	0.715406372383117	0.883433212427062	
SeqBinary-ProbVS	MixPoiLin	2	learn_domain_forest.R	100	0.753137467906023	0.756654755140895	0.737353252380712	0.864625934011869	0.813700130499627	0.691515603953326	0.876729249011858	
SeqBinary-ProbVS	MixPoiLin	2	learn_domain_forest.R	110	0.755019012169125	0.764521584721824	0.740402885626338	0.871848371508351	0.788514410314751	0.718486982954453	0.879115013774105	
SeqBinary-ProbVS	MixPoiLin	2	learn_domain_forest.R	120	0.762070313897678	0.795780738232805	0.753899780886137	0.87683208518484	0.780394000771605	0.674521470070278	0.877311227248153	
SeqBinary-ProbVS	MixPoiLin	2	learn_domain_forest.R	130	0.761967766156028	0.792440185698613	0.757811999538775	0.874241146272635	0.787961327051433	0.670104758905336	0.87395656279509	
SeqBinary-ProbVS	MixPoiLin	2	learn_domain_forest.R	140	0.757637900000887	0.781537003268919	0.769571113802701	0.880630842833663	0.788956334932054	0.665591245262859	0.886355529131986	
SeqBinary-ProbVS	MixPoiLin	2	learn_domain_forest.R	150	0.761036608319217	0.784957881725476	0.77926110959916	0.896045804258365	0.77621336996337	0.645319410112832	0.885912119950021	
SeqBinary-ProbVS	MixPoiLin	2	learn_domain_forest.R	160	0.763148555604204	0.805272605089571	0.810339490080555	0.913373120430039	0.762969009121061	0.604536831585901	0.888877931185624	
SeqBinary-ProbVS	MixPoiLin	2	learn_domain_forest.R	170	0.761903324744504	0.815401279768597	0.823176287808268	0.92640941346696	0.780220215462611	0.576472896654098	0.906906906906907	
SeqBinary-ProbVS	MixPoiLin	2	learn_domain_forest.R	180	0.75962640605826	0.819299900944165	0.837879806931476	0.938860541488827	0.766392118863049	0.55342993176232	0.924621951219512	
SeqBinary-ProbVS	MixPoiLin	2	learn_domain_forest.R	190	0.764916755224938	0.860712991014785	0.857627051191914	0.928651328880428	0.780920619235837	0.528468025420354	0.90999742002064	
SeqBinary-ProbVS	MixPoiLin	2	learn_domain_forest.R	200	0.760312455382908	0.86860160164848	0.864055952921081	0.928219936623298	0.790798611111111	0.506053839041156	0.93381186765108	
SeqBinary-LogVS	MixPoiLin	2	learn_domain_forest.R	10	0.596764781008189	0.625041521439098	0.583933903325219	0.68177635507523	0.471483236151604	0.554543511124006	0.530902410790679	
SeqBinary-LogVS	MixPoiLin	2	learn_domain_forest.R	20	0.595822816606442	0.609160161760557	0.588535889955153	0.746834509016853	0.391241370808679	0.567169799720254	0.548985660221919	
SeqBinary-LogVS	MixPoiLin	2	learn_domain_forest.R	30	0.59518969632129	0.619939737681673	0.611003539265239	0.811930823766723	0.359901568234901	0.59086478206378	0.551761621165806	
SeqBinary-LogVS	MixPoiLin	2	learn_domain_forest.R	40	0.592809107598978	0.594918998527246	0.623362438762826	0.849447939337925	0.320788871951219	0.627206031246592	0.578772299139071	
SeqBinary-LogVS	MixPoiLin	2	learn_domain_forest.R	50	0.585240692809366	0.603643657028247	0.636327852180412	0.806608532358435	0.290269177846577	0.579301855133372	0.571242878477792	
SeqBinary-LogVS	MixPoiLin	2	learn_domain_forest.R	60	0.588175871413887	0.584088181643625	0.657415791937709	0.748315813780709	0.254957197763802	0.614064794202624	0.569676431387006	
SeqBinary-LogVS	MixPoiLin	2	learn_domain_forest.R	70	0.600120182878804	0.617358313026274	0.698368185027811	0.735929884048318	0.258919062832801	0.691991606924288	0.582889606610801	
SeqBinary-LogVS	MixPoiLin	2	learn_domain_forest.R	80	0.603818681126732	0.619641038079069	0.709707204962755	0.72039804023006	0.255614177489177	0.718621456809488	0.587966742252457	
SeqBinary-LogVS	MixPoiLin	2	learn_domain_forest.R	90	0.608106498954211	0.618173505961524	0.721465434093671	0.667813771374384	0.248716538320499	0.769649792905607	0.599361299479577	
SeqBinary-LogVS	MixPoiLin	2	learn_domain_forest.R	100	0.606240117840401	0.62116987131565	0.736277837960397	0.601888010823775	0.197252516778523	0.809766468134828	0.598600131752306	
SeqBinary-LogVS	MixPoiLin	2	learn_domain_forest.R	110	0.607607206581084	0.614206359765833	0.741341854249269	0.588626832761481	0.202443591202124	0.837687329421955	0.649733126721763	
SeqBinary-LogVS	MixPoiLin	2	learn_domain_forest.R	120	0.60711300350479	0.642083002560315	0.748098677673316	0.638554840848119	0.18799430941358	0.857193995951217	0.628951162371599	
SeqBinary-LogVS	MixPoiLin	2	learn_domain_forest.R	130	0.609743498830293	0.638803768017251	0.767206257286715	0.606958024845626	0.260662053396152	0.829170050887633	0.672152974504249	
SeqBinary-LogVS	MixPoiLin	2	learn_domain_forest.R	140	0.609437227901863	0.670385432186617	0.776532380682404	0.619243532971117	0.300284772182254	0.824533798560911	0.632500990883868	
SeqBinary-LogVS	MixPoiLin	2	learn_domain_forest.R	150	0.612002580752581	0.695177572018816	0.795987066340085	0.631681980360582	0.367572242572243	0.818287679295095	0.611349437734277	
SeqBinary-LogVS	MixPoiLin	2	learn_domain_forest.R	160	0.615686432082823	0.722922229885464	0.817060533381996	0.673116197369396	0.401339655887231	0.777541116888836	0.625169844400614	
SeqBinary-LogVS	MixPoiLin	2	learn_domain_forest.R	170	0.617725494486425	0.722700092974642	0.837812856449858	0.688811932803507	0.452247042670046	0.762118445972461	0.63967428967429	
SeqBinary-LogVS	MixPoiLin	2	learn_domain_forest.R	180	0.620083395460929	0.755659661705516	0.849588872184417	0.720499983954302	0.470149655469423	0.711528214647897	0.661609756097561	
SeqBinary-LogVS	MixPoiLin	2	learn_domain_forest.R	190	0.624379403314047	0.815100727621119	0.858490972765743	0.72509223107784	0.56082564778217	0.694782593637985	0.675245098039216	
SeqBinary-LogVS	MixPoiLin	2	learn_domain_forest.R	200	0.628978537544718	0.825258745843675	0.850796658571085	0.739739138898803	0.598860327060932	0.697260070831662	0.717500683620454	
SeqBinary-PARS	MixPoiLin	2	learn_domain_forest.R	10	0.639807151979566	0.702687782170343	0.593327677382994	0.663250222705158	0.484126984126984	0.57515384263006	0.661010871206402	
SeqBinary-PARS	MixPoiLin	2	learn_domain_forest.R	20	0.654339625211091	0.726852722655883	0.594257848290495	0.737143728540086	0.498561801446417	0.568972010021673	0.701703009551271	
SeqBinary-PARS	MixPoiLin	2	learn_domain_forest.R	30	0.667000810785273	0.75402339595888	0.603240185205386	0.818862290251451	0.537057891224558	0.62820483064878	0.705465373669232	
SeqBinary-PARS	MixPoiLin	2	learn_domain_forest.R	40	0.673025960310443	0.758639365290513	0.626361841624217	0.880738002246007	0.522442411924119	0.646419726163959	0.720980757293607	
SeqBinary-PARS	MixPoiLin	2	learn_domain_forest.R	50	0.671235608991307	0.769498101764523	0.654832869763395	0.839441431182763	0.507256191950464	0.630431714469413	0.720746446152995	
SeqBinary-PARS	MixPoiLin	2	learn_domain_forest.R	60	0.680884574650344	0.764996159754224	0.688051325645575	0.804905474734697	0.552814902166317	0.663394591010278	0.729645804384199	
SeqBinary-PARS	MixPoiLin	2	learn_domain_forest.R	70	0.688429338429339	0.774133230390619	0.709664531793912	0.795066250895623	0.585951366702165	0.68292692619498	0.752269553072626	
SeqBinary-PARS	MixPoiLin	2	learn_domain_forest.R	80	0.69043432914602	0.753337375697308	0.716810645506864	0.78059097410304	0.610942009379509	0.714576097568783	0.785487528344671	
SeqBinary-PARS	MixPoiLin	2	learn_domain_forest.R	90	0.6854876524794	0.761241557554922	0.703194480979044	0.716838477460667	0.614170792079208	0.713162178278457	0.803461599116859	
SeqBinary-PARS	MixPoiLin	2	learn_domain_forest.R	100	0.682758386215688	0.774540733431018	0.708236761223359	0.66270512386868	0.625734060402684	0.742084422012691	0.83453557312253	
SeqBinary-PARS	MixPoiLin	2	learn_domain_forest.R	110	0.682065075747957	0.773891339501371	0.71512990385468	0.66365800129826	0.610471179370497	0.748529147395774	0.86433367768595	
SeqBinary-PARS	MixPoiLin	2	learn_domain_forest.R	120	0.678298328025885	0.778591932117491	0.696331435195801	0.651445469894244	0.603081597222222	0.743556510146645	0.888835826275004	
SeqBinary-PARS	MixPoiLin	2	learn_domain_forest.R	130	0.671989005106386	0.773409590825321	0.70928567768055	0.630658211239886	0.581443855516294	0.733896633459862	0.864929178470255	
SeqBinary-PARS	MixPoiLin	2	learn_domain_forest.R	140	0.667984500935441	0.779302130356467	0.716491856509638	0.613496226039802	0.582633892885691	0.742654301407369	0.869223147047166	
SeqBinary-PARS	MixPoiLin	2	learn_domain_forest.R	150	0.661514029448812	0.784183901205178	0.710546181460026	0.576873690968604	0.582900895400895	0.741117220736854	0.890264473136193	
SeqBinary-PARS	MixPoiLin	2	learn_domain_forest.R	160	0.656655933227292	0.786880824800609	0.724723989155087	0.562426589632075	0.58122149668325	0.731325903216518	0.902684637300022	
SeqBinary-PARS	MixPoiLin	2	learn_domain_forest.R	170	0.650103650692451	0.791969239370203	0.708735397847207	0.594485759577841	0.58395384452894	0.693310754321009	0.906918456918457	
SeqBinary-PARS	MixPoiLin	2	learn_domain_forest.R	180	0.644232440044462	0.807511943124396	0.721499643931002	0.670137886032755	0.576025516795866	0.677327729936919	0.882243902439024	
SeqBinary-PARS	MixPoiLin	2	learn_domain_forest.R	190	0.645150155468965	0.803901576943991	0.72977163286152	0.620438191733084	0.573328392621871	0.699947185232645	0.88406862745098	
SeqBinary-PARS	MixPoiLin	2	learn_domain_forest.R	200	0.635095126154514	0.814713221962789	0.710302183138061	0.626407319684631	0.57902105734767	0.691411224899248	0.854156412359858	
SeqBinary-PARS2	MixPoiLin	2	learn_domain_forest.R	10	0.638048681541582	0.681047509883272	0.653371685872915	0.645247814552681	0.612163913184321	0.628708638091893	0.609284563893502	
SeqBinary-PARS2	MixPoiLin	2	learn_domain_forest.R	20	0.658183678039864	0.742910044202012	0.65057475767951	0.748280747321508	0.609991370808678	0.596243409828002	0.613566150915223	
SeqBinary-PARS2	MixPoiLin	2	learn_domain_forest.R	30	0.671517585810648	0.777569419827484	0.645140176720847	0.781080359526564	0.635844177510844	0.644346964984759	0.629282175608728	
SeqBinary-PARS2	MixPoiLin	2	learn_domain_forest.R	40	0.671719502161313	0.814025606917193	0.649970143069536	0.774320980292776	0.67114456300813	0.644406454929205	0.639644563193264	
SeqBinary-PARS2	MixPoiLin	2	learn_domain_forest.R	50	0.674822035444478	0.823357847233829	0.673953598078737	0.731068892151868	0.681684296525628	0.644004139942605	0.690919022069805	
SeqBinary-PARS2	MixPoiLin	2	learn_domain_forest.R	60	0.681548764912936	0.820377304147465	0.704321592253105	0.687203196690863	0.686462700908456	0.680425961887621	0.714516632164025	
SeqBinary-PARS2	MixPoiLin	2	learn_domain_forest.R	70	0.682899278588934	0.809308273216397	0.713405720798286	0.6888932618853	0.687921547745829	0.681754597911269	0.774892341713222	
SeqBinary-PARS2	MixPoiLin	2	learn_domain_forest.R	80	0.679571971831075	0.794785350472957	0.723970141259125	0.599251392227869	0.693722943722944	0.705981209686455	0.78578231292517	
SeqBinary-PARS2	MixPoiLin	2	learn_domain_forest.R	90	0.678017075053834	0.785394874795796	0.737461325517017	0.563335474595454	0.685723780711404	0.707448951634998	0.80961993376439	
SeqBinary-PARS2	MixPoiLin	2	learn_domain_forest.R	100	0.675470042617197	0.793778595137705	0.755293621202197	0.500143497022437	0.673366424310216	0.708166312338727	0.841732542819499	
SeqBinary-PARS2	MixPoiLin	2	learn_domain_forest.R	110	0.666096440815017	0.788823586604986	0.771637447272082	0.397009881198933	0.610293420553659	0.733052509437971	0.865470041322314	
SeqBinary-PARS2	MixPoiLin	2	learn_domain_forest.R	120	0.661434016401124	0.776017159890859	0.777664717572422	0.408724609759382	0.567961516203704	0.71844088941556	0.865561362407641	
SeqBinary-PARS2	MixPoiLin	2	learn_domain_forest.R	130	0.65990644085943	0.779622063329928	0.787171857583949	0.418902877135985	0.544967118178249	0.697164713487709	0.8809537299339	
SeqBinary-PARS2	MixPoiLin	2	learn_domain_forest.R	140	0.652966368448586	0.788080399830995	0.799471381816308	0.368057954628728	0.542853217426059	0.673984540643416	0.877715021799445	
SeqBinary-PARS2	MixPoiLin	2	learn_domain_forest.R	150	0.654428271004358	0.79930441898527	0.795825071601674	0.445375895930031	0.520426332926333	0.678689737510299	0.898656809662641	
SeqBinary-PARS2	MixPoiLin	2	learn_domain_forest.R	160	0.64901680956366	0.805626293172051	0.799175226152924	0.439012518121118	0.468672263681592	0.632827453039516	0.883957922419461	
SeqBinary-PARS2	MixPoiLin	2	learn_domain_forest.R	170	0.646839644173492	0.826925881587983	0.805976557890735	0.481323077250434	0.485913075623152	0.626192223037418	0.898059598059598	
SeqBinary-PARS2	MixPoiLin	2	learn_domain_forest.R	180	0.638009181399094	0.820315536719622	0.802826792213958	0.466384262379256	0.467309969853575	0.595369463208374	0.902024390243902	
SeqBinary-PARS2	MixPoiLin	2	learn_domain_forest.R	190	0.636931160703743	0.791299295683472	0.796475995914198	0.583287621137319	0.480497913921827	0.579434275918198	0.897678018575851	
SeqBinary-PARS2	MixPoiLin	2	learn_domain_forest.R	200	0.631504744744986	0.789904061657445	0.802683551736102	0.55616841331127	0.457521281362007	0.596276976220799	0.864615805304895	
SeqBinary-PredSS2	MixPoiLin	2	learn_domain_forest.R	10	0.529504469987229	0.511663430723526	0.636597196407372	0.666475776531281	0.637947440881114	0.594206660660569	0.640941919573205	
SeqBinary-PredSS2	MixPoiLin	2	learn_domain_forest.R	20	0.54689166409423	0.514344493557792	0.737064184790471	0.705090365298152	0.679230358316897	0.632076269232543	0.694230620703859	
SeqBinary-PredSS2	MixPoiLin	2	learn_domain_forest.R	30	0.53031110074769	0.47874276261373	0.740998812164406	0.708314793390881	0.704517017017017	0.624286311098733	0.701446716559502	
SeqBinary-PredSS2	MixPoiLin	2	learn_domain_forest.R	40	0.529499306169565	0.477045227801796	0.761775207779863	0.759374099360981	0.696646341463414	0.682545678281593	0.691293552478882	
SeqBinary-PredSS2	MixPoiLin	2	learn_domain_forest.R	50	0.497702927524669	0.427366825051933	0.776731341820543	0.714852216994796	0.685178018575851	0.660187551945303	0.651722993528403	
SeqBinary-PredSS2	MixPoiLin	2	learn_domain_forest.R	60	0.480885353393764	0.383676555299539	0.766174785629805	0.747803781010612	0.65632643256464	0.68715562291795	0.666839179876925	
SeqBinary-PredSS2	MixPoiLin	2	learn_domain_forest.R	70	0.475284296836021	0.370812121504572	0.795047570085354	0.741863703793406	0.691393769968051	0.68290705622407	0.64440031424581	
SeqBinary-PredSS2	MixPoiLin	2	learn_domain_forest.R	80	0.466987993208665	0.356363085132185	0.780179501233215	0.661265126847428	0.689675775613276	0.67909217497079	0.66421768707483	
SeqBinary-PredSS2	MixPoiLin	2	learn_domain_forest.R	90	0.463471562871413	0.368097920171653	0.763168113436799	0.673064961814159	0.609300513384672	0.672009218520846	0.623332281974452	
SeqBinary-PredSS2	MixPoiLin	2	learn_domain_forest.R	100	0.485332294528909	0.389263927514129	0.754997606691187	0.602149380400357	0.687872856077554	0.738566838150571	0.63961627140975	
SeqBinary-PredSS2	MixPoiLin	2	learn_domain_forest.R	110	0.494827787838894	0.432660324640766	0.761847155542607	0.64328253634612	0.691126279863481	0.712615829642583	0.581224173553719	
SeqBinary-PredSS2	MixPoiLin	2	learn_domain_forest.R	120	0.512859530661378	0.464288342945466	0.741482267064129	0.587106263530241	0.738413869598766	0.719514804391119	0.580230672193188	
SeqBinary-PredSS2	MixPoiLin	2	learn_domain_forest.R	130	0.537317287671328	0.455865503618312	0.76947234571381	0.643549613153812	0.798144876325088	0.767640769779045	0.57957507082153	
SeqBinary-PredSS2	MixPoiLin	2	learn_domain_forest.R	140	0.532028089837827	0.520953323400565	0.725877164725286	0.698161699276614	0.738546662669864	0.747341357952553	0.56491280221958	
SeqBinary-PredSS2	MixPoiLin	2	learn_domain_forest.R	150	0.548138184279489	0.528369748091516	0.749390899783575	0.746645195920558	0.757745726495726	0.713703778439187	0.541451478550604	
SeqBinary-PredSS2	MixPoiLin	2	learn_domain_forest.R	160	0.54100183078114	0.517669667120566	0.710108774994134	0.701575611356253	0.844112769485904	0.660974101864869	0.534801665570896	
SeqBinary-PredSS2	MixPoiLin	2	learn_domain_forest.R	170	0.553842903652956	0.554722868723452	0.712018014238328	0.774871532986499	0.796604351499789	0.717607364056715	0.528620928620929	
SeqBinary-PredSS2	MixPoiLin	2	learn_domain_forest.R	180	0.562917049546035	0.577957882462102	0.703641794587751	0.776863172983323	0.817035422049957	0.712765774592207	0.581573170731707	
SeqBinary-PredSS2	MixPoiLin	2	learn_domain_forest.R	190	0.562631853426221	0.602545055542609	0.712872928909701	0.7532509438224	0.800930500658761	0.682535628322568	0.540841073271414	
SeqBinary-PredSS2	MixPoiLin	2	learn_domain_forest.R	200	0.574170147218809	0.639513684928849	0.695094611545544	0.78583865978824	0.779443884408602	0.702162459219456	0.564068908941756	
SeqBinary-PredSS3	MixPoiLin	2	learn_domain_forest.R	10	0.53997385620915	0.617686963437741	0.67195238209442	0.452717981850753	0.440374959507613	0.560376551787323	0.489455936383311	
SeqBinary-PredSS3	MixPoiLin	2	learn_domain_forest.R	20	0.54207757561451	0.662223737421236	0.632977889762261	0.400234152868373	0.33079594017094	0.584673142839576	0.479146821821178	
SeqBinary-PredSS3	MixPoiLin	2	learn_domain_forest.R	30	0.549604056364817	0.692148174406239	0.598847920681672	0.387840764142268	0.2665999332666	0.621400609633446	0.50098160640877	
SeqBinary-PredSS3	MixPoiLin	2	learn_domain_forest.R	40	0.544259243909028	0.677558316309563	0.575917338955373	0.38518529560836	0.233019986449864	0.615134192121373	0.531765309151755	
SeqBinary-PredSS3	MixPoiLin	2	learn_domain_forest.R	50	0.544602076820078	0.675810033189274	0.574795069412961	0.453083016191703	0.252977726178191	0.611833335946933	0.512466120913767	
SeqBinary-PredSS3	MixPoiLin	2	learn_domain_forest.R	60	0.551648054698938	0.698829925115207	0.580883168243643	0.450227402789073	0.248864430468204	0.614131893462164	0.515589995179083	
SeqBinary-PredSS3	MixPoiLin	2	learn_domain_forest.R	70	0.548709367674885	0.687138996791082	0.576694374589646	0.448391914666021	0.277145456159034	0.616211511866347	0.492674871973929	
SeqBinary-PredSS3	MixPoiLin	2	learn_domain_forest.R	80	0.542022261123416	0.659627698277953	0.56859756097561	0.413032672976071	0.287664592352092	0.63780630291778	0.480393046107332	
SeqBinary-PredSS3	MixPoiLin	2	learn_domain_forest.R	90	0.542071811389141	0.654750932631117	0.55715524908246	0.397300990078819	0.311881188118812	0.65297184483231	0.478954423592493	
SeqBinary-PredSS3	MixPoiLin	2	learn_domain_forest.R	100	0.537303729045725	0.633681957277992	0.555316924472212	0.379098633703351	0.325794649515287	0.674110258199581	0.472982542819499	
SeqBinary-PredSS3	MixPoiLin	2	learn_domain_forest.R	110	0.541181060003609	0.613463073648012	0.577736468084567	0.374527320124056	0.323651403109594	0.688093448168789	0.491417011019284	
SeqBinary-PredSS3	MixPoiLin	2	learn_domain_forest.R	120	0.537129990748171	0.584838679151048	0.573285306632016	0.324503071170359	0.336082175925926	0.714700702776543	0.505325283834925	
SeqBinary-PredSS3	MixPoiLin	2	learn_domain_forest.R	130	0.542083363749179	0.558929314547292	0.571051080675951	0.339487467849593	0.367797899489596	0.739308624376336	0.535250236071766	
SeqBinary-PredSS3	MixPoiLin	2	learn_domain_forest.R	140	0.546792988180633	0.535613422579999	0.577071629213483	0.336840342116558	0.416691646682654	0.746757041019049	0.548642489100277	
SeqBinary-PredSS3	MixPoiLin	2	learn_domain_forest.R	150	0.548301969769361	0.495932667986678	0.587968002799269	0.329465441571153	0.505647130647131	0.803107501387277	0.578082049146189	
SeqBinary-PredSS3	MixPoiLin	2	learn_domain_forest.R	160	0.54762515726059	0.468689762498453	0.566281707030944	0.322397172576532	0.551668739635158	0.852627077016887	0.606048652202498	
SeqBinary-PredSS3	MixPoiLin	2	learn_domain_forest.R	170	0.541608632339016	0.446185608983903	0.564783737364467	0.30555466896471	0.575451520912547	0.865861045231961	0.603638253638254	
SeqBinary-PredSS3	MixPoiLin	2	learn_domain_forest.R	180	0.537059640565371	0.421253745940592	0.568122922930843	0.293186996566221	0.600008074935401	0.904802420117224	0.609585365853659	
SeqBinary-PredSS3	MixPoiLin	2	learn_domain_forest.R	190	0.530845731491321	0.406307452290323	0.552777151347121	0.253057339227518	0.606321365832235	0.888824914717138	0.617866357069144	
SeqBinary-PredSS3	MixPoiLin	2	learn_domain_forest.R	200	0.527816934687615	0.380884920820761	0.524813846112787	0.283048354476926	0.659022177419355	0.890564210820147	0.632854799015586	
# Start  at: Tue Nov 12 09:28:47 2013
# Finish at: Tue Nov 12 23:01:33 2013
# Total Time: 001 day 13:32:45
